=~=~=~=~=~=~=~=~=~=~=~= PuTTY log 2024.06.14 11:00:56 =~=~=~=~=~=~=~=~=~=~=~=
Jig Started!
0.00,0.00,0.00,0.00,0.00,PASS
0.00,0.00,0.00,0.00,0.00,PASS
0.00,-0.01,0.00,0.00,0.00,PASS
0.00,-0.01,0.00,0.00,0.00,PASS
0.00,-0.01,0.00,0.00,0.00,PASS
0.00,-0.01,0.00,0.00,0.00,PASS
0.00,0.00,0.00,0.00,0.00,PASS
0.00,0.00,0.00,0.00,0.00,PASS
-0.01,-0.01,0.00,0.00,0.00,PASS
-0.01,-0.01,0.00,0.00,0.00,PASS
0.00,-0.01,0.00,0.00,0.00,PASS
0.00,-0.01,0.00,-0.01,0.00,PASS
-11.35,31.49,-10.64,1.80,-11.32,INVALID MEASUREMENT
1174.08,-294.22,-293.34,-293.14,-293.36,INVALID MEASUREMENT
0.08,-0.72,0.16,0.36,0.14,PASS
0.08,-0.72,0.16,0.36,0.14,PASS
0.07,-0.73,0.15,0.36,0.13,PASS
0.07,-0.73,0.15,0.36,0.13,PASS
180.25,179.45,-720.57,180.54,180.31,INVALID MEASUREMENT
0.07,-0.73,0.15,0.36,0.13,PASS
0.08,-0.72,0.16,0.36,0.14,PASS
0.08,-0.72,0.16,0.36,0.14,PASS
0.74,-0.97,-1.07,0.74,0.58,FAIL
0.01,-0.00,-0.00,0.01,-0.00,PASS
0.00,-0.01,0.00,0.00,0.00,PASS
0.00,-0.01,0.00,0.00,0.00,PASS
0.00,-0.01,0.00,0.00,0.00,PASS
0.00,-0.01,0.00,0.00,0.00,PASS
0.00,0.00,0.00,0.00,0.00,PASS
0.00,0.00,0.00,0.00,0.00,PASS
0.00,-0.01,0.00,0.00,0.00,PASS
0.00,-0.01,0.00,0.00,0.00,PASS
0.00,-0.01,0.00,0.00,0.00,PASS
0.00,-0.01,0.00,0.00,0.00,PASS
0.00,-0.01,0.00,0.00,0.00,PASS
0.00,-0.01,0.00,0.00,0.00,PASS
0.08,-0.73,0.15,0.36,0.13,PASS
0.07,-0.73,0.15,0.36,0.13,PASS
0.07,-0.73,0.15,0.36,0.13,PASS
0.07,-0.73,0.15,0.36,0.13,PASS
0.07,-0.73,0.15,0.36,0.13,PASS
0.07,-0.73,0.15,0.36,0.13,PASS
-2.50,-3.30,-2.42,10.64,-2.44,INVALID MEASUREMENT
0.08,-0.72,0.16,0.36,0.14,PASS
0.08,-0.72,0.16,0.36,0.14,PASS
0.08,-0.72,0.16,0.36,0.14,PASS
0.08,-0.72,0.16,0.36,0.14,PASS
0.07,-0.73,0.15,0.36,0.13,PASS
0.08,-0.73,0.15,0.36,0.13,PASS
0.08,-0.73,0.15,0.36,0.13,PASS
0.08,-0.73,0.15,0.36,0.13,PASS
0.08,-0.73,0.15,0.36,0.13,PASS
0.07,-0.73,0.15,0.36,0.13,PASS
0.07,-0.73,0.15,0.36,0.13,PASS
0.07,-0.73,0.15,0.36,0.13,PASS
0.08,-0.72,0.16,0.36,0.14,PASS
0.08,-0.72,0.16,0.36,0.14,PASS
0.08,-0.72,0.16,0.36,0.14,PASS
0.08,-0.72,0.16,0.36,0.14,PASS
0.08,-0.72,0.16,0.36,0.14,PASS
0.08,-0.72,0.16,0.36,0.14,PASS
-0.51,-1.31,-0.43,-0.23,2.48,INVALID MEASUREMENT
-1.45,-2.25,-1.37,1.18,3.89,INVALID MEASUREMENT
-0.96,-1.76,0.53,3.08,-0.90,INVALID MEASUREMENT
0.84,0.04,-0.99,-0.79,0.90,FAIL
-1.40,1.49,-1.32,-1.12,2.35,INVALID MEASUREMENT
-0.51,-1.31,1.03,1.23,-0.45,FAIL
-0.04,-3.19,1.50,1.70,0.02,INVALID MEASUREMENT
-0.02,-0.35,0.06,0.26,0.04,PASS
0.64,-3.00,0.72,0.92,0.70,INVALID MEASUREMENT
-0.62,-1.42,-0.54,-0.34,2.94,INVALID MEASUREMENT
-0.37,1.06,-0.29,-0.09,-0.31,FAIL
0.57,-2.72,0.65,0.85,0.63,INVALID MEASUREMENT
0.08,-0.72,0.16,0.36,0.14,PASS
-1.69,0.45,1.33,-1.41,1.31,INVALID MEASUREMENT
-0.86,-2.84,2.15,-0.58,2.13,INVALID MEASUREMENT
0.08,-0.72,0.16,0.36,0.14,PASS
0.66,-0.14,0.74,-1.98,0.72,INVALID MEASUREMENT
2.77,-1.55,-0.67,0.13,-0.69,INVALID MEASUREMENT
0.08,-0.72,0.16,0.36,0.14,PASS
0.07,-0.73,0.15,0.36,0.13,PASS
0.07,-0.73,0.15,0.36,0.13,PASS
0.08,-0.72,0.16,0.36,0.14,PASS
0.08,-0.72,0.16,0.36,0.14,PASS
196.64,195.84,196.72,196.92,-786.10,INVALID MEASUREMENT
0.08,-0.73,0.15,0.35,0.13,PASS
0.08,-0.73,0.15,0.36,0.13,PASS
0.08,-0.72,0.16,0.36,0.14,PASS
0.08,-0.73,0.15,0.35,0.13,PASS
0.08,-0.73,0.15,0.35,0.13,PASS
0.08,-0.72,0.16,0.36,0.14,PASS
0.08,-0.72,0.16,0.36,0.14,PASS
0.08,-0.72,0.16,0.36,0.14,PASS
0.08,-0.72,0.16,0.36,0.14,PASS
2345.79,-587.15,-586.27,-586.07,-586.29,INVALID MEASUREMENT
0.00,-0.01,0.00,-0.01,0.00,PASS
0.01,-0.00,-0.00,-0.00,-0.00,PASS
0.01,-0.00,-0.00,0.01,-0.00,PASS
0.01,-0.00,-0.00,0.01,-0.00,PASS
0.01,-0.00,-0.00,0.01,-0.00,PASS
0.01,-0.00,-0.00,-0.00,-0.00,PASS
0.01,-0.00,-0.00,-0.00,-0.00,PASS
0.01,-0.00,-0.00,0.01,-0.00,PASS
0.01,-0.00,-0.00,-0.00,-0.00,PASS
0.01,-0.00,-0.00,-0.00,-0.00,PASS
0.01,-0.00,-0.00,-0.00,-0.00,PASS
0.01,-0.00,-0.00,0.01,-0.00,PASS
0.01,-0.00,-0.00,-0.00,-0.00,PASS
0.01,-0.00,-0.00,-0.00,-0.00,PASS
0.01,-0.00,-0.00,-0.00,-0.00,PASS
0.01,-0.00,-0.00,0.01,-0.00,PASS
0.01,-0.00,-0.00,0.01,-0.00,PASS
0.01,-0.00,-0.00,0.01,-0.00,PASS
0.01,-0.00,-0.00,0.01,-0.00,PASS
-0.02,-0.03,-0.03,0.13,-0.03,PASS
0.01,-0.00,-0.00,0.01,-0.00,PASS
0.01,-0.00,-0.00,-0.00,-0.00,PASS
0.02,-0.00,-0.00,-0.00,-0.00,PASS
0.01,-0.00,-0.00,-0.00,-0.01,PASS
0.01,-0.00,-0.00,-0.00,-0.00,PASS
0.01,-0.00,-0.01,0.01,-0.01,PASS
0.00,-0.01,-0.00,0.01,-0.00,PASS
0.01,-0.00,-0.01,0.00,-0.01,PASS
0.00,-0.00,-0.00,0.01,-0.00,PASS
0.01,-0.00,-0.00,0.01,-0.00,PASS
0.01,-0.00,-0.01,0.00,-0.00,PASS
0.01,-0.00,-0.00,-0.00,-0.00,PASS
0.01,-0.00,-0.00,-0.00,-0.00,PASS
0.01,-0.00,-0.00,-0.00,-0.00,PASS
0.01,-0.00,-0.00,-0.00,-0.00,PASS
0.01,-0.00,-0.00,-0.00,-0.00,PASS
0.01,-0.00,-0.00,-0.00,-0.00,PASS
0.01,-0.00,-0.00,-0.00,-0.00,PASS
0.01,-0.00,-0.00,-0.00,-0.00,PASS
0.01,-0.00,-0.00,-0.00,-0.00,PASS
0.01,-0.00,-0.00,-0.00,-0.00,PASS
0.01,-0.00,-0.00,-0.00,-0.00,PASS
0.08,-0.73,0.15,0.35,0.13,PASS
0.08,-0.72,0.16,0.36,0.14,PASS
0.08,-0.72,0.16,0.36,0.14,PASS
0.08,-0.72,0.16,0.36,0.14,PASS
11.48,-3.58,-2.70,-2.50,-2.72,INVALID MEASUREMENT
0.08,-0.72,0.16,0.36,0.14,PASS
0.08,-0.72,0.16,0.36,0.14,PASS
0.08,-0.73,0.15,0.35,0.13,PASS
0.08,-0.73,0.15,0.35,0.13,PASS
38.85,-10.42,-9.54,-9.34,-9.56,INVALID MEASUREMENT
0.08,-0.73,0.15,0.35,0.13,PASS
0.08,-0.73,0.15,0.35,0.13,PASS
586.17,-147.25,-146.37,-146.17,-146.39,INVALID MEASUREMENT
0.08,-0.73,0.15,0.35,0.13,PASS
0.08,-0.72,0.16,0.36,0.14,PASS
0.08,-0.72,0.16,0.36,0.14,PASS
0.08,-0.72,0.16,0.36,0.14,PASS
-1181.19,-522.75,-1181.11,-1180.91,4065.95,INVALID MEASUREMENT
0.08,-0.72,0.16,0.36,0.14,PASS
0.08,-0.72,0.16,0.36,0.14,PASS
0.08,-0.72,0.16,0.36,0.14,PASS
-361.95,-362.75,1448.27,-361.67,-361.89,INVALID MEASUREMENT
0.08,-0.72,0.16,0.36,0.14,PASS
0.08,-0.72,0.16,0.36,0.14,PASS
0.08,-0.72,0.16,0.36,0.14,PASS
1.25,-2.49,1.33,1.53,-1.63,INVALID MEASUREMENT
1174.08,-294.22,-293.34,-293.14,-293.36,INVALID MEASUREMENT
0.08,-0.72,0.16,0.36,0.14,PASS
0.08,-0.72,0.16,0.36,0.14,PASS
-262.65,-263.45,-262.57,1051.25,-262.59,INVALID MEASUREMENT
-4.09,0.81,1.27,1.28,0.74,INVALID MEASUREMENT
0.26,-0.28,0.18,0.20,-0.35,PASS
-0.02,0.08,0.03,0.47,-0.57,PASS
0.02,-0.13,-0.08,0.26,-0.09,PASS
0.22,-0.45,0.24,-0.02,0.03,PASS
0.31,-0.33,0.20,-0.01,-0.18,PASS
-15.78,-16.22,-15.85,-16.02,63.87,INVALID MEASUREMENT
0.27,-0.17,0.21,0.03,-0.32,PASS
-0.15,0.14,-0.23,0.48,-0.23,PASS
0.36,-0.30,0.31,-0.09,-0.27,PASS
0.19,-0.36,0.12,0.10,-0.07,PASS
-482.17,1928.77,-482.18,-481.89,-482.53,INVALID MEASUREMENT
0.02,0.03,0.01,0.30,-0.34,PASS
0.15,-0.13,0.16,0.25,-0.44,PASS
0.07,-0.02,0.02,0.40,-0.45,PASS
0.00,-0.01,-0.02,0.33,-0.31,PASS
0.09,-0.08,-0.02,0.19,-0.20,PASS
0.21,-0.21,0.05,0.09,-0.14,PASS
-785.18,-785.21,-785.29,3140.79,-785.09,INVALID MEASUREMENT
-18.34,-18.37,73.05,-18.08,-18.24,INVALID MEASUREMENT
-0.04,-0.07,-0.15,0.22,0.06,PASS
0.00,-0.01,-0.15,0.31,-0.17,PASS
0.16,-0.27,-0.00,0.11,0.02,PASS
0.14,-0.18,0.02,0.14,-0.14,PASS
-0.03,-0.36,0.11,-0.05,0.34,PASS
-0.15,-0.02,-0.24,0.23,0.18,PASS
0.05,-0.11,-0.13,0.16,0.01,PASS
-0.12,-0.15,-0.06,0.33,-0.02,PASS
0.01,-0.09,-0.02,0.35,-0.26,PASS
0.11,-0.14,-0.01,0.15,-0.09,PASS
0.17,-0.13,-0.01,0.24,-0.29,PASS
0.01,-0.09,-0.11,0.17,0.04,PASS
0.32,-0.32,0.16,0.03,-0.19,PASS
0.01,-0.23,-0.01,0.17,0.06,PASS
0.13,-0.31,0.06,-0.01,0.11,PASS
-0.05,-0.02,-0.15,0.37,-0.17,PASS
0.10,-0.06,0.10,0.38,-0.51,PASS
0.31,-0.28,0.25,0.01,-0.31,PASS
-0.19,-0.16,-0.02,0.51,-0.16,FAIL
-66.82,267.93,-66.83,-66.85,-67.41,INVALID MEASUREMENT
0.20,-0.11,0.16,0.20,-0.43,PASS
1207.68,-301.88,-302.04,-301.68,-302.06,INVALID MEASUREMENT
-695.13,2780.55,-695.25,-694.89,-695.27,INVALID MEASUREMENT
-0.01,0.04,-0.13,0.23,-0.15,PASS
-0.32,0.08,-0.27,0.50,0.00,FAIL
-0.30,0.09,-0.27,0.49,0.01,PASS
-0.30,0.09,-0.28,0.49,0.01,PASS
0.04,-0.07,0.01,0.35,-0.31,PASS
0.04,-0.07,0.01,0.35,-0.31,PASS
0.04,-0.07,0.01,0.35,-0.31,PASS
0.04,-0.07,0.01,0.35,-0.31,PASS
0.04,-0.07,0.01,0.35,-0.31,PASS
-0.63,0.11,-0.59,0.97,0.15,FAIL
-0.33,0.06,-0.31,0.49,0.07,PASS
-0.33,0.06,-0.31,0.49,0.07,PASS
-0.32,0.06,-0.30,0.48,0.08,PASS
0.02,-0.10,-0.00,0.35,-0.25,PASS
0.02,-0.10,-0.00,0.35,-0.25,PASS
0.03,-0.10,-0.01,0.35,-0.25,PASS
-3.79,0.93,0.57,1.36,0.95,INVALID MEASUREMENT
-0.32,0.06,-0.31,0.49,0.07,PASS
